
BrotherBags = {
	["Draenor"] = {
		["Hugork"] = {
			[0] = {
				"6948::::::::1:1446::75:::::::", -- [1]
				["size"] = 16,
			},
			["race"] = "Orc",
			["sex"] = 2,
			["money"] = 6798840000,
			["class"] = "WARRIOR",
			["faction"] = false,
			["equip"] = {
				[6] = "187745::::::::1:1446::75:::::::",
				[7] = "187744::::::::1:1446::75:::::::",
				[8] = "187743::::::::1:1446::75:::::::",
				[10] = "187746::::::::1:1446::75:::::::",
				[17] = "2362::::::::1:1446::75:::::::",
				[16] = "25::::::::1:1446::75:::::::",
				[9] = "187747::::::::1:1446::75:::::::",
				[5] = "187748::::::::1:1446::75:::::::",
			},
		},
		["Hugotest"] = {
			[0] = {
				"6948::::::::1:1446::75:::::::", -- [1]
				["size"] = 16,
			},
			["race"] = "Orc",
			["faction"] = false,
			["equip"] = {
				[6] = "187745::::::::1:1446::75:::::::",
				[7] = "187744::::::::1:1446::75:::::::",
				[8] = "187743::::::::1:1446::75:::::::",
				[10] = "187746::::::::1:1446::75:::::::",
				[17] = "2362::::::::1:1446::75:::::::",
				[5] = "187748::::::::1:1446::75:::::::",
				[16] = "25::::::::1:1446::75:::::::",
				[9] = "187747::::::::1:1446::75:::::::",
			},
			["class"] = "WARRIOR",
			["sex"] = 2,
			["money"] = 0,
		},
	},
	["Ревущийфьорд"] = {
		["Хугопал"] = {
			[0] = {
				"6948::::::::1:1451::75:::::::", -- [1]
				["size"] = 16,
			},
			["race"] = "BloodElf",
			["faction"] = false,
			["equip"] = {
				[7] = "187723::::::::1:1451::75:::::::",
				[8] = "187727::::::::1:1451::75:::::::",
				[16] = "36::::::::1:1451::75:::::::",
				[9] = "187725::::::::1:1451::75:::::::",
				[5] = "187722::::::::1:1451::75:::::::",
				[10] = "187724::::::::1:1451::75:::::::",
				[6] = "187726::::::::1:1451::75:::::::",
				[17] = "2362::::::::1:1451::75:::::::",
			},
			["class"] = "PALADIN",
			["money"] = 0,
			["sex"] = 3,
		},
		["Хуговар"] = {
			[0] = {
				"6948::::::::1:1446::75:::::::", -- [1]
				["size"] = 16,
			},
			["race"] = "Orc",
			["sex"] = 2,
			["money"] = 0,
			["class"] = "WARRIOR",
			["faction"] = false,
			["equip"] = {
				[6] = "187745::::::::1:1446::75:::::::",
				[7] = "187744::::::::1:1446::75:::::::",
				[8] = "187743::::::::1:1446::75:::::::",
				[10] = "187746::::::::1:1446::75:::::::",
				[17] = "2362::::::::1:1446::75:::::::",
				[16] = "25::::::::1:1446::75:::::::",
				[9] = "187747::::::::1:1446::75:::::::",
				[5] = "187748::::::::1:1446::75:::::::",
			},
		},
	},
	["Doomhammer"] = {
		["Maelti"] = {
			{
			}, -- [1]
			{
			}, -- [2]
			{
			}, -- [3]
			{
				[11] = "159874::::::::60:71:::::::::;19",
				[12] = "159874::::::::60:71:::::::::;11",
				[3] = "180817::::::::60:71::14::1:28:2098:::::",
			}, -- [4]
			[0] = {
				"6948::::::::60:71:::::::::", -- [1]
				"163036::::::::60:71:::::::::;25", -- [2]
				"178149::::::::60:71:::::::::;3", -- [3]
				"175424::::::::60:71::11:1:6707:2:9:59:28:1428:::::", -- [4]
				"184544::::::::60:71:::::::::", -- [5]
				"178585::::::::60:71:::::::::", -- [6]
				["size"] = 16,
			},
			["race"] = "Dwarf",
			["money"] = 111371817,
			["sex"] = 2,
			["equip"] = {
				"175647::::::::60:71::11:2:6706:7173:2:9:58:28:2128:::::", -- [1]
				"175739::::::::60:71::11:1:6707:2:9:53:28:1325:::::", -- [2]
				"175435::::::::60:71::11:1:6706:2:9:58:28:1426:::::", -- [3]
				nil, -- [4]
				"175481::::::::60:71::11:1:6706:2:9:60:28:1429:::::", -- [5]
				"175438::::::::60:71::11:2:6707:6901:2:9:58:28:1425:::::", -- [6]
				"175430::::::::60:71::11:2:6707:6902:2:9:58:28:1426:::::", -- [7]
				"175484::::::::60:71::11:1:6706:2:9:59:28:1427:::::", -- [8]
				"175443::::::::60:71::11:1:6707:2:9:58:28:1426:::::", -- [9]
				"174292::::::::60:71::11:3:7195:1477:6616:1:28:2060:::::", -- [10]
				"184165::::::::60:71::11:1:6706:2:9:57:28:807:::::", -- [11]
				"175710::::::::60:71::11:2:6706:7173:2:9:58:28:1238:::::", -- [12]
				"175731::::::::60:71::11:1:6707:2:9:59:28:1428:::::", -- [13]
				"175730::::::::60:71::11:1:6707:2:9:58:28:1425:::::", -- [14]
				"175765::::::::60:71::11:1:6707:2:9:59:28:1427:::::", -- [15]
				"181634::::::::60:71::74:4:6652:1472:5852:6616:1:28:2060:::::", -- [16]
				[33] = "175239::::::::60:71:::::::::;10",
				[31] = "174780::::::::60:71:::::::::;6",
				[32] = "176398::::::::60:71:::::::::;6",
				[34] = "178176::::::::60:71:::::::::;12",
				[19] = "168100::::::::60:71::14::1:28:741:::::",
				[20] = "174780::::::::60:71:::::::::;6",
				[21] = "176398::::::::60:71:::::::::;6",
				[22] = "175239::::::::60:71:::::::::;10",
				[23] = "178176::::::::60:71:::::::::;12",
			},
			["class"] = "WARRIOR",
			[-1] = {
			},
			["faction"] = true,
		},
	},
}
